	[4mGPU0	GPU1	GPU2	GPU3	NIC0	NIC1	NIC2	NIC3	CPU Affinity	NUMA Affinity	GPU NUMA ID[0m
GPU0	 X 	NV6	NV6	NV6	NODE	SYS	SYS	SYS	0-71	0		4
GPU1	NV6	 X 	NV6	NV6	SYS	NODE	SYS	SYS	72-143	1		12
GPU2	NV6	NV6	 X 	NV6	SYS	SYS	NODE	SYS	144-215	2		20
GPU3	NV6	NV6	NV6	 X 	SYS	SYS	SYS	NODE	216-287	3		28
NIC0	NODE	SYS	SYS	SYS	 X 	SYS	SYS	SYS				
NIC1	SYS	NODE	SYS	SYS	SYS	 X 	SYS	SYS				
NIC2	SYS	SYS	NODE	SYS	SYS	SYS	 X 	SYS				
NIC3	SYS	SYS	SYS	NODE	SYS	SYS	SYS	 X 				

Legend:

  X    = Self
  SYS  = Connection traversing PCIe as well as the SMP interconnect between NUMA nodes (e.g., QPI/UPI)
  NODE = Connection traversing PCIe as well as the interconnect between PCIe Host Bridges within a NUMA node
  PHB  = Connection traversing PCIe as well as a PCIe Host Bridge (typically the CPU)
  PXB  = Connection traversing multiple PCIe bridges (without traversing the PCIe Host Bridge)
  PIX  = Connection traversing at most a single PCIe bridge
  NV#  = Connection traversing a bonded set of # NVLinks

NIC Legend:

  NIC0: mlx5_0
  NIC1: mlx5_1
  NIC2: mlx5_2
  NIC3: mlx5_3

available: 36 nodes (0-35)
node 0 cpus: 0 1 2 3 4 5 6 7 8 9 10 11 12 13 14 15 16 17 18 19 20 21 22 23 24 25 26 27 28 29 30 31 32 33 34 35 36 37 38 39 40 41 42 43 44 45 46 47 48 49 50 51 52 53 54 55 56 57 58 59 60 61 62 63 64 65 66 67 68 69 70 71
node 0 size: 121677 MB
node 0 free: 72343 MB
node 1 cpus: 72 73 74 75 76 77 78 79 80 81 82 83 84 85 86 87 88 89 90 91 92 93 94 95 96 97 98 99 100 101 102 103 104 105 106 107 108 109 110 111 112 113 114 115 116 117 118 119 120 121 122 123 124 125 126 127 128 129 130 131 132 133 134 135 136 137 138 139 140 141 142 143
node 1 size: 122586 MB
node 1 free: 71739 MB
node 2 cpus: 144 145 146 147 148 149 150 151 152 153 154 155 156 157 158 159 160 161 162 163 164 165 166 167 168 169 170 171 172 173 174 175 176 177 178 179 180 181 182 183 184 185 186 187 188 189 190 191 192 193 194 195 196 197 198 199 200 201 202 203 204 205 206 207 208 209 210 211 212 213 214 215
node 2 size: 122632 MB
node 2 free: 74222 MB
node 3 cpus: 216 217 218 219 220 221 222 223 224 225 226 227 228 229 230 231 232 233 234 235 236 237 238 239 240 241 242 243 244 245 246 247 248 249 250 251 252 253 254 255 256 257 258 259 260 261 262 263 264 265 266 267 268 269 270 271 272 273 274 275 276 277 278 279 280 281 282 283 284 285 286 287
node 3 size: 122518 MB
node 3 free: 71578 MB
node 4 cpus:
node 4 size: 97280 MB
node 4 free: 97270 MB
node 5 cpus:
node 5 size: 0 MB
node 5 free: 0 MB
node 6 cpus:
node 6 size: 0 MB
node 6 free: 0 MB
node 7 cpus:
node 7 size: 0 MB
node 7 free: 0 MB
node 8 cpus:
node 8 size: 0 MB
node 8 free: 0 MB
node 9 cpus:
node 9 size: 0 MB
node 9 free: 0 MB
node 10 cpus:
node 10 size: 0 MB
node 10 free: 0 MB
node 11 cpus:
node 11 size: 0 MB
node 11 free: 0 MB
node 12 cpus:
node 12 size: 97280 MB
node 12 free: 97268 MB
node 13 cpus:
node 13 size: 0 MB
node 13 free: 0 MB
node 14 cpus:
node 14 size: 0 MB
node 14 free: 0 MB
node 15 cpus:
node 15 size: 0 MB
node 15 free: 0 MB
node 16 cpus:
node 16 size: 0 MB
node 16 free: 0 MB
node 17 cpus:
node 17 size: 0 MB
node 17 free: 0 MB
node 18 cpus:
node 18 size: 0 MB
node 18 free: 0 MB
node 19 cpus:
node 19 size: 0 MB
node 19 free: 0 MB
node 20 cpus:
node 20 size: 97280 MB
node 20 free: 97275 MB
node 21 cpus:
node 21 size: 0 MB
node 21 free: 0 MB
node 22 cpus:
node 22 size: 0 MB
node 22 free: 0 MB
node 23 cpus:
node 23 size: 0 MB
node 23 free: 0 MB
node 24 cpus:
node 24 size: 0 MB
node 24 free: 0 MB
node 25 cpus:
node 25 size: 0 MB
node 25 free: 0 MB
node 26 cpus:
node 26 size: 0 MB
node 26 free: 0 MB
node 27 cpus:
node 27 size: 0 MB
node 27 free: 0 MB
node 28 cpus:
node 28 size: 97280 MB
node 28 free: 97271 MB
node 29 cpus:
node 29 size: 0 MB
node 29 free: 0 MB
node 30 cpus:
node 30 size: 0 MB
node 30 free: 0 MB
node 31 cpus:
node 31 size: 0 MB
node 31 free: 0 MB
node 32 cpus:
node 32 size: 0 MB
node 32 free: 0 MB
node 33 cpus:
node 33 size: 0 MB
node 33 free: 0 MB
node 34 cpus:
node 34 size: 0 MB
node 34 free: 0 MB
node 35 cpus:
node 35 size: 0 MB
node 35 free: 0 MB
node distances:
node     0    1    2    3    4    5    6    7    8    9   10   11   12   13   14   15   16   17   18   19   20   21   22   23   24   25   26   27   28   29   30   31   32   33   34   35 
   0:   10   40   40   40   80   80   80   80   80   80   80   80  120  120  120  120  120  120  120  120  120  120  120  120  120  120  120  120  120  120  120  120  120  120  120  120 
   1:   40   10   40   40  120  120  120  120  120  120  120  120   80   80   80   80   80   80   80   80  120  120  120  120  120  120  120  120  120  120  120  120  120  120  120  120 
   2:   40   40   10   40  120  120  120  120  120  120  120  120  120  120  120  120  120  120  120  120   80   80   80   80   80   80   80   80  120  120  120  120  120  120  120  120 
   3:   40   40   40   10  120  120  120  120  120  120  120  120  120  120  120  120  120  120  120  120  120  120  120  120  120  120  120  120   80   80   80   80   80   80   80   80 
   4:   80  120  120  120   10   11   11   11   11   11   11   11   40   40   40   40   40   40   40   40   40   40   40   40   40   40   40   40   40   40   40   40   40   40   40   40 
   5:   80  120  120  120   11   10   11   11   11   11   11   11   40   40   40   40   40   40   40   40   40   40   40   40   40   40   40   40   40   40   40   40   40   40   40   40 
   6:   80  120  120  120   11   11   10   11   11   11   11   11   40   40   40   40   40   40   40   40   40   40   40   40   40   40   40   40   40   40   40   40   40   40   40   40 
   7:   80  120  120  120   11   11   11   10   11   11   11   11   40   40   40   40   40   40   40   40   40   40   40   40   40   40   40   40   40   40   40   40   40   40   40   40 
   8:   80  120  120  120   11   11   11   11   10   11   11   11   40   40   40   40   40   40   40   40   40   40   40   40   40   40   40   40   40   40   40   40   40   40   40   40 
   9:   80  120  120  120   11   11   11   11   11   10   11   11   40   40   40   40   40   40   40   40   40   40   40   40   40   40   40   40   40   40   40   40   40   40   40   40 
  10:   80  120  120  120   11   11   11   11   11   11   10   11   40   40   40   40   40   40   40   40   40   40   40   40   40   40   40   40   40   40   40   40   40   40   40   40 
  11:   80  120  120  120   11   11   11   11   11   11   11   10   40   40   40   40   40   40   40   40   40   40   40   40   40   40   40   40   40   40   40   40   40   40   40   40 
  12:  120   80  120  120   40   40   40   40   40   40   40   40   10   11   11   11   11   11   11   11   40   40   40   40   40   40   40   40   40   40   40   40   40   40   40   40 
  13:  120   80  120  120   40   40   40   40   40   40   40   40   11   10   11   11   11   11   11   11   40   40   40   40   40   40   40   40   40   40   40   40   40   40   40   40 
  14:  120   80  120  120   40   40   40   40   40   40   40   40   11   11   10   11   11   11   11   11   40   40   40   40   40   40   40   40   40   40   40   40   40   40   40   40 
  15:  120   80  120  120   40   40   40   40   40   40   40   40   11   11   11   10   11   11   11   11   40   40   40   40   40   40   40   40   40   40   40   40   40   40   40   40 
  16:  120   80  120  120   40   40   40   40   40   40   40   40   11   11   11   11   10   11   11   11   40   40   40   40   40   40   40   40   40   40   40   40   40   40   40   40 
  17:  120   80  120  120   40   40   40   40   40   40   40   40   11   11   11   11   11   10   11   11   40   40   40   40   40   40   40   40   40   40   40   40   40   40   40   40 
  18:  120   80  120  120   40   40   40   40   40   40   40   40   11   11   11   11   11   11   10   11   40   40   40   40   40   40   40   40   40   40   40   40   40   40   40   40 
  19:  120   80  120  120   40   40   40   40   40   40   40   40   11   11   11   11   11   11   11   10   40   40   40   40   40   40   40   40   40   40   40   40   40   40   40   40 
  20:  120  120   80  120   40   40   40   40   40   40   40   40   40   40   40   40   40   40   40   40   10   11   11   11   11   11   11   11   40   40   40   40   40   40   40   40 
  21:  120  120   80  120   40   40   40   40   40   40   40   40   40   40   40   40   40   40   40   40   11   10   11   11   11   11   11   11   40   40   40   40   40   40   40   40 
  22:  120  120   80  120   40   40   40   40   40   40   40   40   40   40   40   40   40   40   40   40   11   11   10   11   11   11   11   11   40   40   40   40   40   40   40   40 
  23:  120  120   80  120   40   40   40   40   40   40   40   40   40   40   40   40   40   40   40   40   11   11   11   10   11   11   11   11   40   40   40   40   40   40   40   40 
  24:  120  120   80  120   40   40   40   40   40   40   40   40   40   40   40   40   40   40   40   40   11   11   11   11   10   11   11   11   40   40   40   40   40   40   40   40 
  25:  120  120   80  120   40   40   40   40   40   40   40   40   40   40   40   40   40   40   40   40   11   11   11   11   11   10   11   11   40   40   40   40   40   40   40   40 
  26:  120  120   80  120   40   40   40   40   40   40   40   40   40   40   40   40   40   40   40   40   11   11   11   11   11   11   10   11   40   40   40   40   40   40   40   40 
  27:  120  120   80  120   40   40   40   40   40   40   40   40   40   40   40   40   40   40   40   40   11   11   11   11   11   11   11   10   40   40   40   40   40   40   40   40 
  28:  120  120  120   80   40   40   40   40   40   40   40   40   40   40   40   40   40   40   40   40   40   40   40   40   40   40   40   40   10   11   11   11   11   11   11   11 
  29:  120  120  120   80   40   40   40   40   40   40   40   40   40   40   40   40   40   40   40   40   40   40   40   40   40   40   40   40   11   10   11   11   11   11   11   11 
  30:  120  120  120   80   40   40   40   40   40   40   40   40   40   40   40   40   40   40   40   40   40   40   40   40   40   40   40   40   11   11   10   11   11   11   11   11 
  31:  120  120  120   80   40   40   40   40   40   40   40   40   40   40   40   40   40   40   40   40   40   40   40   40   40   40   40   40   11   11   11   10   11   11   11   11 
  32:  120  120  120   80   40   40   40   40   40   40   40   40   40   40   40   40   40   40   40   40   40   40   40   40   40   40   40   40   11   11   11   11   10   11   11   11 
  33:  120  120  120   80   40   40   40   40   40   40   40   40   40   40   40   40   40   40   40   40   40   40   40   40   40   40   40   40   11   11   11   11   11   10   11   11 
  34:  120  120  120   80   40   40   40   40   40   40   40   40   40   40   40   40   40   40   40   40   40   40   40   40   40   40   40   40   11   11   11   11   11   11   10   11 
  35:  120  120  120   80   40   40   40   40   40   40   40   40   40   40   40   40   40   40   40   40   40   40   40   40   40   40   40   40   11   11   11   11   11   11   11   10 
