#### td_v32:TD_CTA_TRACE TD_UNIT_TRACE
units 6624  MB 251.9  first full 7.7 last full 90.3 us
S0 n   384 latency p10  2.44 p50  3.04 p90  4.95 max   6.18  full span   7.7- 22.3
R0 n  4032 latency p10  4.06 p50  4.48 p90  6.30 max  13.70  full span   8.5- 71.2
S1 n   192 latency p10  2.59 p50  3.20 p90  5.79 max  10.02  full span  48.4- 68.1
R1 n  2016 latency p10  1.82 p50  3.36 p90  5.76 max  14.50  full span  49.0- 90.3

   0.0         0         0    0   0   0   0|   4.0        76         0    9   0   0   0|   8.0      1348       170   62 105   0   0|  12.0      3541       436  140 295   0   0|  16.0      3268       455  139 269   0   0|  20.0      2589       436   34 289   0   0|  24.0      2814       322    0 331   0   0|  28.0      2344       134    0 258   0   0|  32.0      3370       441    0 396   0   0|  36.0      3200       461    0 380   0   0|  40.0      2914       461    0 349   0   0|  44.0      2224       327    0 263   0   0|  48.0      3326       304    0 311  39  30|  52.0      3227       398    0 302  35  42|  56.0      3297       335    0 265  60  58|  60.0      2753       350    0 181  53  94|  64.0      2201       379    0  27   4 241|  68.0      2958        85    0  11   1 309|  72.0      2855         0    0   0   0 297|  76.0      3116         0    0   0   0 321|  80.0      2907         0    0   0   0 300|  84.0      2841         0    0   0   0 293|  88.0       312         0    0   0   0  31|
#### td_v32:TD_GR1=2 TD_CTA_TRACE TD_UNIT_TRACE
units 6624  MB 251.9  first full 7.2 last full 90.1 us
S0 n   384 latency p10  2.46 p50  3.07 p90  5.14 max   6.40  full span   7.2- 22.5
R0 n  4032 latency p10  4.00 p50  4.48 p90  6.24 max  14.40  full span   7.7- 71.3
S1 n   192 latency p10  2.60 p50  3.41 p90  5.40 max  11.65  full span  47.8- 63.6
R1 n  2016 latency p10  4.19 p50  5.02 p90  6.18 max  12.83  full span  50.6- 90.1

   0.0         0         0    0   0   0   0|   4.0       356         0   32   9   0   0|   8.0      1511       265   51 142   0   0|  12.0      3509       360  144 280   0   0|  16.0      3243       436  126 276   0   0|  20.0      2478       455   31 282   0   0|  24.0      2634       303    0 310   0   0|  28.0      2680       134    0 293   0   0|  32.0      3369       461    0 398   0   0|  36.0      3097       509    0 374   0   0|  40.0      2994       442    0 355   0   0|  44.0      2566       278    0 289   5   0|  48.0      3358       161    0 319  33  15|  52.0      3040       407    0 282  36  43|  56.0      3261       438    0 250  73  69|  60.0      2479       368    0 139  45 117|  64.0      2497       362    0  23   0 278|  68.0      2981       114    0  11   0 315|  72.0      2972         0    0   0   0 308|  76.0      3196         0    0   0   0 329|  80.0      3246         0    0   0   0 336|  84.0      1976         0    0   0   0 202|  88.0        40         0    0   0   0   4|
#### td_v32:TD_GR1=4 TD_CTA_TRACE TD_UNIT_TRACE
units 6624  MB 251.9  first full 7.3 last full 93.7 us
S0 n   384 latency p10  2.47 p50  3.01 p90  5.09 max   6.08  full span   7.3- 21.9
R0 n  4032 latency p10  4.00 p50  4.45 p90  6.21 max  14.05  full span   7.9- 71.7
S1 n   192 latency p10  2.59 p50  3.31 p90  5.40 max   9.47  full span  47.4- 68.3
R1 n  2016 latency p10  4.35 p50  5.09 p90  6.14 max  13.28  full span  48.9- 93.7

   0.0         0         0    0   0   0   0|   4.0       281         0   31   2   0   0|   8.0      1619       265   47 157   0   0|  12.0      3226       341  143 249   0   0|  16.0      3405       455  134 288   0   0|  20.0      2405       436   29 274   0   0|  24.0      2791       322    0 328   0   0|  28.0      2691       269    0 308   0   0|  32.0      3332       461    0 394   0   0|  36.0      3228       461    0 383   0   0|  40.0      2981       461    0 356   0   0|  44.0      2388       192    0 261   6   0|  48.0      3326       313    0 304  45  33|  52.0      3100       390    0 288  36  41|  56.0      3204       402    0 257  55  68|  60.0      2508       346    0 142  45 115|  64.0      2528       344    0  29   4 269|  68.0      3176        38    0  12   1 324|  72.0      2922         0    0   0   0 304|  76.0      2984         0    0   0   0 308|  80.0      3202         0    0   0   0 331|  84.0      1905         0    0   0   0 195|  88.0       241         0    0   0   0  24|  92.0        41         0    0   0   0   4|
#### td_v32:TD_ABL_NOREADY TD_CTA_TRACE TD_UNIT_TRACE
units 6624  MB 251.9  first full 7.1 last full 89.9 us
S0 n   384 latency p10  2.50 p50  3.07 p90  5.21 max   6.37  full span   7.1- 21.9
R0 n  4032 latency p10  4.06 p50  4.51 p90  6.27 max  13.82  full span   8.1- 73.9
S1 n   192 latency p10  2.59 p50  3.42 p90  6.68 max   9.41  full span  48.4- 66.5
R1 n  2016 latency p10  3.14 p50  4.96 p90  5.79 max  14.34  full span  48.5- 89.9

   0.0         0         0    0   0   0   0|   4.0       270         0   32   0   0   0|   8.0      1582       152   46 141   0   0|  12.0      3404       360  142 269   0   0|  16.0      3152       407  128 260   0   0|  20.0      2547       445   36 282   0   0|  24.0      2776       379    0 331   0   0|  28.0      2391       152    0 265   0   0|  32.0      3268       498    0 392   0   0|  36.0      3232       480    0 386   0   0|  40.0      2991       432    0 356   0   0|  44.0      2424       328    0 286   0   0|  48.0      3223       313    0 314  26  30|  52.0      3256       370    0 301  41  39|  56.0      3191       341    0 258  70  46|  60.0      2578       399    0 157  51 107|  64.0      2433       360    0  24   4 264|  68.0      2826        78    0   8   0 296|  72.0      2912         0    0   2   0 300|  76.0      2890         0    0   0   0 300|  80.0      2910         0    0   0   0 303|  84.0      3148         0    0   0   0 323|  88.0        77         0    0   0   0   8|
#### td_v32:TD_ABL_NOMMA TD_ABL_NOFLUSH TD_ABL_NOSHMMA TD_CTA_TRACE TD_UNIT_TRACE
units 6624  MB 251.9  first full 7.2 last full 77.0 us
S0 n   384 latency p10  2.63 p50  4.19 p90  4.82 max   6.05  full span   7.2- 25.3
R0 n  4032 latency p10  1.95 p50  3.58 p90  5.76 max  25.70  full span   7.9- 60.4
S1 n   192 latency p10  1.70 p50  2.18 p90  6.94 max  12.45  full span  48.0- 64.3
R1 n  2016 latency p10  1.60 p50  1.98 p90  3.28 max  12.26  full span  42.7- 77.0

   0.0         0         0    0   0   0   0|   4.0       366         0   32  10   0   0|   8.0      3324       246   76 307   0   0|  12.0      3600       426  103 331   0   0|  16.0      3367       417   89 318   0   0|  20.0      2143       455   75 206   0   0|  24.0      3926       275    9 427   0   0|  28.0      4392       383    0 496   0   0|  32.0      2624       384    0 314   0   0|  36.0      4216       586    0 501   0   0|  40.0      3201       433    0 377   0   1|  44.0      4207       390    0 378   3  96|  48.0      4012       483    0 252 107 121|  52.0      3055       190    0  84  59 201|  56.0      2840       351    0  30  12 294|  60.0      2268       311    0   1  10 257|  64.0      2888       166    0   0   1 315|  68.0      3145         0    0   0   0 329|  72.0      3186         0    0   0   0 327|  76.0       723         0    0   0   0  75|
#### td_v32:TD_ABL_NOMMA TD_ABL_NOFLUSH TD_ABL_NOSHMMA TD_GR1=2 TD_CTA_TRACE TD_UNIT_TRACE
units 6624  MB 251.9  first full 7.5 last full 77.5 us
S0 n   384 latency p10  2.51 p50  3.30 p90  4.67 max   5.63  full span   7.5- 24.2
R0 n  4032 latency p10  2.21 p50  3.46 p90  5.70 max  25.66  full span   7.9- 62.3
S1 n   192 latency p10  1.60 p50  2.11 p90  5.47 max  13.34  full span  49.8- 65.7
R1 n  2016 latency p10  1.66 p50  2.30 p90  3.71 max  11.84  full span  47.8- 77.5

   0.0         0         0    0   0   0   0|   4.0       308         0   32   4   0   0|   8.0      3197       297   76 297   0   0|  12.0      3581       471  120 316   0   0|  16.0      3399       307  111 288   0   0|  20.0      1897       489   36 217   0   0|  24.0      3819       278    9 419   0   0|  28.0      4622         0    0 483   0   0|  32.0      3128       663    0 397   0   0|  36.0      3051       426    0 364   0   0|  40.0      4697       511    0 541   0   0|  44.0      3777       152    0 406   0   1|  48.0      3843       561    0 206  62 197|  52.0      3698       350    0  53 116 264|  56.0      2980       191    0  30   6 295|  60.0      2811       398    0  11   6 317|  64.0      3415       398    0   0   2 400|  68.0      3624         0    0   0   0 374|  72.0      1615         0    0   0   0 166|  76.0        19         0    0   0   0   2|
#### td_v32:TD_ABL_NOMMA TD_ABL_NOFLUSH TD_ABL_NOSHMMA TD_GR1=4 TD_CTA_TRACE TD_UNIT_TRACE
units 6624  MB 251.9  first full 7.5 last full 83.1 us
S0 n   384 latency p10  2.53 p50  3.42 p90  4.13 max   4.77  full span   7.5- 21.7
R0 n  4032 latency p10  2.40 p50  3.87 p90  6.17 max  21.86  full span   8.0- 68.0
S1 n   192 latency p10  1.66 p50  2.43 p90  7.07 max  11.23  full span  42.0- 56.9
R1 n  2016 latency p10  1.31 p50  2.24 p90  4.19 max  14.11  full span  46.0- 83.1

   0.0         0         0    0   0   0   0|   4.0       270         0   32   0   0   0|   8.0      3388       218   92 295   0   0|  12.0      3622       483  115 327   0   0|  16.0      3573       379  116 310   0   0|  20.0      2074       511   29 244   0   0|  24.0      3834       227    0 425   0   0|  28.0      3622       307    0 411   0   0|  32.0      2942       356    0 344   0   0|  36.0      4280       480    0 494   0   0|  40.0      3838       586    0 450  10   0|  44.0      3393       276    0 241  84  66|  48.0      3141       455    0 160  69 153|  52.0      4479       218    0 265  26 199|  56.0      3551       249    0  44   3 348|  60.0      3422       319    0  14   0 378|  64.0      3155       430    0   7   0 369|  68.0      2818         0    0   1   0 292|  72.0      1132         0    0   0   0 115|  76.0       678         0    0   0   0  68|  80.0       272         0    0   0   0  28|
#### td_v32:TD_ABL_NOMMA TD_ABL_NOFLUSH TD_ABL_NOSHMMA TD_ABL_NOREADY TD_CTA_TRACE TD_UNIT_TRACE
units 6624  MB 251.9  first full 7.2 last full 75.6 us
S0 n   384 latency p10  2.27 p50  3.30 p90  3.99 max   4.54  full span   7.2- 22.4
R0 n  4032 latency p10  2.14 p50  3.55 p90  6.08 max  26.62  full span   7.9- 66.8
S1 n   192 latency p10  1.83 p50  2.30 p90  4.37 max  14.88  full span  47.5- 60.9
R1 n  2016 latency p10  1.63 p50  1.98 p90  3.73 max  11.65  full span  46.4- 75.6

   0.0         0         0    0   0   0   0|   4.0       280         0   32   1   0   0|   8.0      2999       170   84 258   0   0|  12.0      3733       369  120 324   0   0|  16.0      3959       436  124 351   0   0|  20.0      1895       521   24 232   0   0|  24.0      3986       303    0 447   0   0|  28.0      3400        76    0 361   0   0|  32.0      4135       500    0 482   0   0|  36.0      2814       585    0 352   0   0|  40.0      4309       421    0 489   0   0|  44.0      3931       203    0 389  20  22|  48.0      3558       655    0 224 109 119|  52.0      3575       360    0  71  54 293|  56.0      3101       360    0  39   7 319|  60.0      2861       398    0   7   2 329|  64.0      3436       136    0   5   0 366|  68.0      3541         0    0   0   0 365|  72.0      1968         0    0   0   0 203|
