280 matched steps; max-rank AR#0 wait mean 0.955 p50 0.022 ms
steps with wait > 0.5 ms: 50 (0.930 ms/step)
last rank to enter in those steps: {0: 48, 2: 1, 1: 1}
lateness explained by a late graph-launch call (host): 55%

win step  wait  last  late  host  last-rank: launch->entry  prev-gpu-end->launch  draft span  period
  3   49 10.85  r0  10.85  7.25      3.601                0.080              1.30   34.96
  3   57 10.45  r0  10.45  6.99      3.458                0.080              1.31   34.22
  3   51 10.42  r0  10.42  6.85      3.564                0.080              1.29   34.37
  1   34 10.12  r0  10.11  6.65      3.457                0.081              1.30   34.72
  2   60  9.87  r0   9.86  6.44      3.421                0.078              1.29   32.84
  3   58  9.47  r0   9.47  4.85      4.620                0.080              1.30   35.12
  3   64  9.02  r0   9.01  6.25      2.762                0.063              1.29   31.60
  3    0  8.13  r1   8.03  0.00     23.015                0.071              1.31   61.93
  1   27  6.84  r0   6.84  5.32      1.513                0.080              1.30   31.44
  3   56  6.70  r0   6.70  5.61      1.090                0.081              3.25   34.06
  3   43  6.68  r0   6.68  5.78      0.899                0.062              1.31   30.22
  3   63  6.63  r0   6.62  4.62      1.999                0.080              5.53   36.94
  2   30  6.61  r0   6.60  3.06      3.538                0.082              1.30   35.98
  3   19  6.54  r0   6.53  2.89      3.638                0.046              3.78   34.51
  3   25  6.43  r0   6.42  4.19      2.230                0.049              1.29   30.80
  3   18  6.34  r0   6.34  4.08      2.259                0.047              1.31   30.56
  3   20  6.34  r0   6.34  4.06      2.280                0.040              1.29   30.54
  1   40  6.31  r0   6.31  2.87      3.438                0.081              1.30   34.85
  2   55  6.10  r0   6.10  5.24      0.858                0.047              1.30   30.36
  2   45  6.08  r0   6.07  4.65      1.416                0.080              1.29   31.53
  2   32  6.07  r0   6.06  2.81      3.253                0.079              1.29   36.30
  3   50  5.83  r0   5.82  4.24      1.584                0.085              2.73   34.67
  3   17  5.76  r0   5.75  4.62      1.131                0.071              7.16   36.26
  2   54  5.49  r0   5.49  4.42      1.068                0.078              1.85   33.24
  3   24  5.44  r0   5.44  3.85      1.586                0.074              2.19   32.01
